20,97
24,90
29,7
29,6
29,5
24,89
20,96
24,88
30,4
30,13
20,95
24,87
31,8
25,6
24,86
20,94
24,85
20,93
24,84
31,7
24,83
30,12
24,82
20,92
20,91
24,81
24,80
31,6
31,5
20,90
24,79
20,89
24,78
24,77
20,88
24,76
20,87
24,75
19,10
30,11
30,7
30,6
31,4
29,4
28,4
31,3
31,2
31,1
31,0
30,3
30,2
30,1
30,0
29,3
29,2
29,1
29,0
28,3
28,2
28,1
28,0
20,86
24,74
24,73
20,85
24,72
20,84
24,71
20,83
24,70
20,82
24,69
24,68
20,81
24,67
24,66
26,140
26,139
26,138
26,137
26,136
26,135
26,134
26,133
26,132
26,131
26,130
26,129
26,128
26,127
26,126
26,125
26,124
26,123
26,122
26,121
26,120
26,119
26,118
26,117
26,116
26,115
26,114
26,113
26,112
26,111
26,110
26,109
26,108
26,107
26,106
26,105
26,104
26,103
26,102
26,101
26,100
26,99
26,98
26,97
26,96
26,95
26,94
26,93
26,92
26,91
26,90
26,89
26,88
26,87
26,86
26,85
26,84
26,83
26,82
26,81
26,80
26,79
26,78
26,77
26,76
26,75
26,74
26,73
26,72
26,71
26,70
26,69
26,68
26,67
26,66
26,65
26,64
26,35
26,34
26,33
26,32
26,31
26,30
26,29
26,28
26,27
26,26
26,25
26,24
26,23
26,22
26,21
26,20
26,19
26,18
26,17
26,16
26,15
26,14
26,13
26,12
26,11
26,10
26,9
26,8
26,7
26,6
26,5
26,4
26,3
26,2
26,1
25,5
25,4
25,3
25,2
25,1
24,65
24,64
24,35
24,34
24,33
24,32
24,31
24,30
24,29
24,28
24,27
24,26
24,25
24,24
24,23
24,22
24,21
24,20
24,19
24,18
24,17
24,16
24,15
24,14
24,13
24,12
24,11
24,10
24,9
24,8
24,7
24,3
24,2
24,0
21,3
20,80
20,79
20,78
20,77
20,76
20,75
20,74
20,73
20,72
20,71
20,70
20,69
20,68
20,67
20,66
20,65
20,64
20,35
20,34
20,33
20,32
20,31
20,3
20,2
20,0
19,9
19,8
19,3
19,2
19,0
14,3
13,24
13,23
13,22
13,17
13,16
13,15
13,13
13,12
13,8
13,6
13,5
13,3
12,3
2,3
1,3
0,460
0,446
0,445
0,444
0,443
0,442
0,441
0,440
0,439
0,438
0,437
0,436
0,435
0,407
0,360
0,359
0,357
0,355
0,354
0,352
0,351
0,350
0,349
0,348
0,347
0,346
0,345
0,344
0,343
0,342
0,341
0,340
0,339
0,338
0,337
0,336
0,335
0,334
0,332
0,331
0,330
0,329
0,328
0,327
0,326
0,325
0,324
0,323
0,322
0,321
0,320
0,243
0,9
0,0
0,1
0,300
0,431
0,299
0,298
0,297
0,296
0,425
0,295
0,468
0,294
0,501
0,293
0,292
0,291
0,290
0,490
0,289
0,466
0,288
0,393
0,287
0,286
0,424
0,285
0,480
0,284
0,422
0,283
0,282
0,281
0,486
20,15
20,16
20,18
20,19
20,21
20,23
20,24
20,26
20,27
20,29
21,0
21,1
23,0
23,1
23,3
23,4
24,5
24,6
24,4
23,2
21,2
20,30
20,28
20,25
20,22
20,20
20,17
20,14
20,13
20,12
20,11
20,10
20,9
20,8
20,7
20,6
20,5
19,7
19,6
19,5
19,4
17,4
17,3
17,2
17,1
17,0
16,4
16,3
16,2
16,1
16,0
14,4
14,2
14,1
14,0
13,21
13,20
13,19
13,18
13,14
13,11
13,10
13,9
13,7
13,4
13,2
13,1
13,0
12,2
12,1
12,0
4,3
4,2
4,1
4,0
3,6
3,5
3,4
3,3
3,2
20,4
3,1
3,0
2,2
2,1
2,0
1,2
1,1
1,0
0,308
0,307
0,280
0,279
0,392
0,278
0,277
0,386
0,276
0,397
0,275
0,274
0,273
0,272
0,271
0,493
24,1
20,1
19,1
0,270
0,269
0,268
0,401
0,267
0,266
0,265
0,264
0,263
0,500
0,262
0,508
0,261
0,260
0,259
0,258
0,497
0,257
0,385
0,256
0,418
0,255
0,254
0,399
0,253
0,252
0,411
0,251
0,250
0,410
0,249
0,390
0,248
0,388
0,247
0,507
0,246
0,245
0,356
0,244
0,242
0,474
0,241
0,447
0,240
0,415
0,239
0,238
0,333
0,237
0,236
0,235
0,506
0,234
0,389
0,233
0,396
0,232
0,231
0,412
0,230
0,509
0,229
0,409
0,228
0,227
0,430
0,226
0,225
0,400
0,224
0,434
0,223
0,496
0,222
0,221
0,484
0,220
0,427
0,219
0,417
0,218
0,391
0,217
0,216
0,414
0,215
0,398
0,214
0,461
0,213
0,212
0,429
0,211
0,384
0,210
0,209
0,208
0,433
0,207
0,361
0,206
0,420
0,205
0,358
0,204
0,511
0,203
0,492
0,202
0,201
0,200
0,428
0,199
0,423
0,198
0,408
0,197
0,406
0,196
0,413
0,195
0,194
0,416
0,193
0,510
0,192
0,63
0,426
0,62
0,402
0,61
0,353
0,60
0,432
0,59
0,494
0,58
0,57
0,482
0,56
0,394
0,55
0,488
0,54
0,53
0,52
0,51
0,419
0,50
0,49
0,405
0,48
0,478
0,47
0,46
0,45
0,403
0,6
0,5
0,304
0,303
0,310
0,305
0,302
0,12
0,10
0,8
0,11
0,4
0,2
0,3
0,7
26,0
25,0
